gamma line catalog
idx name centroid_kev uncertainty_kev
0  Pulser   0 1 
1  241Am    59.537 2 
2  Ba081    80.997 3 
3  Am99     98.97 2 
4  Am103    102.98 2 
5  Pb238    238.4 3 
6  Ba276    276.398 3 
7  Tl277    277.358 3 
8  214Bi1   295.224 3 
9  Pb300    300.087 3 
10  Ba302   302.853 10 
11  214Bi2  351.932 5 
12  Ba356   356.017 10 
13  Ba384   383.851 10 
14  El511   510.998 5 
15  Tl583   583.191 10 
16  214Po1  609.312 5 
17  137Cs   661.66 5 
18  Bi727   727.33 5 
19  Tl763   763.13 5 
20  214Po2  768.356 5 
21  Bi785   785.37 5 
22  Tl860   860.564 5 
23  Bi893   893.408 5 
24  Bi1079  1078.62 5 
25  Tl1094  1093.9 5 
26  214Po3  1120.29 5 
27  60Co1   1173.24 15 
28  214Po4  1238.11 5 
29  60Co2   1332.5 15 
30  40K     1460.83 15 
31  Bi1513  1512.7 5 
32  42K     1524.7 5 
33  228Ac   1588 5 
34  TlDEP   1592.53 3 
35  BiFEP   1620.5 5 
36  214Po5  1729.6 5 
37  214Po6  1764.49 5 
38  Bi1806  1806 5 
39  214Po7  1847.42 5 
40  Qbb     2039 15 
41  TlSEP   2103.53 15 
42  214Po8  2118.55 5 
43  214Po9  2204.21 15 
44  214Po10 2447.86 15 
45  60Co3   2505.74 15 
46  TlFEP   2614.53 15 