V_HV,Run,V1_out,FT,V2_out,RT(ns)
1000,561,528,2.9,163,2.5
1100,562,400,2.7,121,1.185
1120,563,384,2.58,113,1.080
1140,564,352,2.78,102,730
1160,565,320,2.42,94.9,605
1180,566,304,2.14,86.4,592
1200,567,280,1.96,78.5,532
1220,568,248,2.28,68.8,610
1240,569,232,2.2,62.3,476
1260,570,192,1.92,60.5,631
1270,571,176,1.676,55.4,640
1275,572,168,1.6,52.1,640
1280,573,160,1.504,50.4,536
1285,574,152,1.368,49.1,516
1290,575,144,1.39,39.7,574
1295,576,144,1.28,36.7,490
1300,577,112,1.86,34.0,390
1310,578,100,2.07,28.8,390
1320,579,70,1.73,20.5,295 
1340,580,40,1.384,11.8,33.07
1360,  
1380,
1400,  
1450,
1500,
1550,
1600,
